1.972115905298655048e-01 7.619235560689211484e-01 4.086485340121334686e-02
1.972114800092459597e-01 7.619237795123795509e-01 4.086474047837445472e-02
1.972107579573657288e-01 7.619252394812762175e-01 4.086400256135805376e-02
1.972103589347811992e-01 7.619260469696160776e-01 4.086359409560259143e-02
1.972112813485900618e-01 7.619241805164592707e-01 4.086453813495072307e-02
1.972106390172214396e-01 7.619254804953711213e-01 4.086388048740742518e-02
1.972113250128682549e-01 7.619240930541399948e-01 4.086458193299176422e-02
1.972112394279397496e-01 7.619242661912114523e-01 4.086449438084884672e-02
1.972116790500429429e-01 7.619233770394764349e-01 4.086494391048070551e-02
1.972100758526239839e-01 7.619266195867769875e-01 4.086330456059911187e-02
1.972094504825832040e-01 7.619278844261746508e-01 4.086266509124222152e-02
1.972103994577301678e-01 7.619259651222308749e-01 4.086363542003891569e-02
1.972109204639815594e-01 7.619249113155546205e-01 4.086416822046370911e-02
1.972115000696531839e-01 7.619237390157986844e-01 4.086476091454820797e-02
1.972126163399348375e-01 7.619214812496539757e-01 4.086590241041120758e-02
1.972124270546030955e-01 7.619218617023992834e-01 4.086571124299761409e-02
1.972105957100728502e-01 7.619255681642778111e-01 4.086383612564938039e-02
1.972103045821357314e-01 7.619261570173369025e-01 4.086353840052740077e-02
1.972114708805162153e-01 7.619237980469097948e-01 4.086473107257392046e-02
1.972109784988233805e-01 7.619247938278376209e-01 4.086422767333908190e-02
1.972112957675390410e-01 7.619241521511422865e-01 4.086455208131875572e-02
1.972102263534519229e-01 7.619263151354299657e-01 4.086345851111817390e-02
1.972113087882945426e-01 7.619241257971610670e-01 4.086456541454443897e-02
1.972099075105339938e-01 7.619269599520059888e-01 4.086313253746007290e-02
1.972099417049264503e-01 7.619268909810739121e-01 4.086316731399970703e-02
1.972109577824381899e-01 7.619248358567263235e-01 4.086420636083552826e-02
1.972111945646545794e-01 7.619243569438428620e-01 4.086444849150264180e-02
1.972112012652983970e-01 7.619243422112308428e-01 4.086445652347072549e-02
1.972094112801399957e-01 7.619279638351569295e-01 4.086262488470295690e-02
1.972115415076416134e-01 7.619236552243422445e-01 4.086480326801616991e-02
1.972116766945928024e-01 7.619233817629693650e-01 4.086494154243776322e-02
1.972121263292248294e-01 7.619224722227679880e-01 4.086540144800713398e-02
1.972106188355006173e-01 7.619255213518644210e-01 4.086385981263500333e-02
1.972118496278418009e-01 7.619230319819046970e-01 4.086511839025348120e-02
1.972098202345079210e-01 7.619271366590045780e-01 4.086304310648752186e-02
1.972118308250468688e-01 7.619230700309482796e-01 4.086509914400490023e-02
1.972122166283267475e-01 7.619222897390874882e-01 4.086549363258580592e-02
1.972092119554686995e-01 7.619283669968619499e-01 4.086242104766932975e-02
1.972108145646958299e-01 7.619251254966497022e-01 4.086405993865446784e-02
1.972117836780033218e-01 7.619231654254973174e-01 4.086505089649934003e-02
1.972105459306019715e-01 7.619256688544490119e-01 4.086378521494902355e-02
1.972103348089578878e-01 7.619260958573518261e-01 4.086356933369018896e-02
1.972095801685635197e-01 7.619276218434533066e-01 4.086279798798314600e-02
1.972117947693281248e-01 7.619231418805906264e-01 4.086506335008124879e-02
1.972098023594572314e-01 7.619271724575664706e-01 4.086302518297634662e-02
1.972101756988661192e-01 7.619264176698296032e-01 4.086340663130423601e-02
1.972124209220180169e-01 7.619218765472115518e-01 4.086570253077045911e-02
1.972104949647723593e-01 7.619257719415393204e-01 4.086373309368840356e-02
1.972118888452386032e-01 7.619229524893487149e-01 4.086515866541266806e-02
1.972100276864872936e-01 7.619267163874682280e-01 4.086325592604445056e-02
1.972104461526706098e-01 7.619258706752026766e-01 4.086368317212678292e-02
1.972089334493320467e-01 7.619289298348177475e-01 4.086213671585024743e-02
1.972106825240773909e-01 7.619253922195690087e-01 4.086392525635364897e-02
1.972098654036586740e-01 7.619270452452845399e-01 4.086308935105684853e-02
1.972093769445244782e-01 7.619280332543973966e-01 4.086258980107818073e-02
1.972125332092734828e-01 7.619216493265842383e-01 4.086581746414235522e-02
1.972099698322883898e-01 7.619268335259186120e-01 4.086319664179301203e-02
1.972100560878786712e-01 7.619266596273184255e-01 4.086328428480275055e-02
1.972103501860938690e-01 7.619260645869474491e-01 4.086358522695870965e-02
1.972098325986058054e-01 7.619271115785424264e-01 4.086305582285182370e-02
1.972084168934417903e-01 7.619299750924706238e-01 4.086160801408755122e-02
1.972111352222492009e-01 7.619244769287887298e-01 4.086438784896196524e-02
1.972093473684661535e-01 7.619280925989772024e-01 4.086256003255672037e-02
1.972110327200639057e-01 7.619246841982943996e-01 4.086428308164167383e-02
1.972095665768471007e-01 7.619276495907211233e-01 4.086278383243178297e-02
1.972112188807519928e-01 7.619243077510293727e-01 4.086447336821869697e-02
1.972117139164685506e-01 7.619233064888946139e-01 4.086497959463691876e-02
1.972101999448138687e-01 7.619263686114358114e-01 4.086343144375040315e-02
1.972118975181616218e-01 7.619229351779478465e-01 4.086516730389068430e-02
1.972097917933513800e-01 7.619271941185102870e-01 4.086301408813843017e-02
1.972105955461921356e-01 7.619255685045384086e-01 4.086383594926955298e-02
1.972106570864084474e-01 7.619254435406527248e-01 4.086389937293887636e-02
1.972111231206817861e-01 7.619245013908734210e-01 4.086437548844482071e-02
1.972092469848464313e-01 7.619282961178239777e-01 4.086245689732966035e-02
1.972119450948544017e-01 7.619228389108488875e-01 4.086521599429668999e-02
1.972121109363758062e-01 7.619225031573899631e-01 4.086538590623434164e-02
1.972107882076999663e-01 7.619251787368526152e-01 4.086403305544742542e-02
1.972108356663433426e-01 7.619250822415150060e-01 4.086408209214169307e-02
1.972125415904432133e-01 7.619216324860710321e-01 4.086582592348577542e-02
1.972123107138533671e-01 7.619220994162978489e-01 4.086558986984886732e-02
1.972128752413883357e-01 7.619209574096189597e-01 4.086616734899269077e-02
1.972114097214387463e-01 7.619239217749225190e-01 4.086466850363877634e-02
1.972108576100404242e-01 7.619250384636827578e-01 4.086410392627680410e-02
1.972105539712383226e-01 7.619256521287289807e-01 4.086379390003269663e-02
1.972115106001916252e-01 7.619237177318890497e-01 4.086477166791938759e-02
1.972088364522976422e-01 7.619291265175390793e-01 4.086203703016334093e-02
1.972107390950589567e-01 7.619252777874879756e-01 4.086398311745307460e-02
1.972110717498311017e-01 7.619246053042255662e-01 4.086432294594338072e-02
1.972120620817172654e-01 7.619226023404983561e-01 4.086533557778435077e-02
1.972117468499459125e-01 7.619232399031632408e-01 4.086501324689082587e-02
