2.865803459883733625e-02 8.108089870651039033e-02 2.791229269066782259e-01 2.460396882569360899e-01 1.817333569278448691e-01 1.302424345528460370e-01 4.659831223877199113e-02 3.728171630505223728e-03 4.660886282221511938e-04 6.989294179613744296e-04 9.319811078910664355e-04 4.661217356986103815e-04 2.330552912968115119e-04
1.073876154443594542e-02 4.066623295844518093e-02 1.869201862652954682e-01 2.193165250587051640e-01 2.150611518766028241e-01 2.040394718941458407e-01 9.636452293427488769e-02 1.014951292172633877e-02 1.665953741546837138e-03 3.270282117274481582e-03 5.693217541249588967e-03 3.706936955185627727e-03 2.407244191111945503e-03
7.178607546520024592e-03 3.019073354190898034e-02 1.538986645141761367e-01 2.000625013082853731e-01 2.171558129925884872e-01 2.278432835602985373e-01 1.188834788122498237e-01 1.381599795895998087e-02 2.501922304074275481e-03 5.407187115126341551e-03 1.035871706363281596e-02 7.415559772206575979e-03 5.287533509972620199e-03
5.336863595730517718e-03 2.412739588984449957e-02 1.319716256345356276e-01 1.844013557260679170e-01 2.145985209372252012e-01 2.412527585548020215e-01 1.347966722647964410e-01 1.676628243654990427e-02 3.247378305563131638e-03 7.490890700929782146e-03 1.535295207481896310e-02 1.172878896187120462e-02 8.928514917264752243e-03
4.219367831908929674e-03 2.007033973269177138e-02 1.160942708027303677e-01 1.709377847314163534e-01 2.100851220153872601e-01 2.490983319801871598e-01 1.466496442279763834e-01 1.922454984197000463e-02 3.926364463917452960e-03 9.540731435050088180e-03 2.051701389199073189e-02 1.649367735460397638e-02 1.314280169016951785e-02
3.439153531422236860e-03 1.718322648563631178e-02 1.039187484567230951e-01 1.592739650389027595e-01 2.046259642054118477e-01 2.533005523738138254e-01 1.557625462643696390e-01 2.131721203292949451e-02 4.561196098926134646e-03 1.149070238156219524e-02 2.574811789985349472e-02 2.152175043676932478e-02 1.785686479367957005e-02
2.878380478936528285e-03 1.492720725847134985e-02 9.361200650034315340e-02 1.495582359389274751e-01 1.989478982183497946e-01 2.553533108274596009e-01 1.626924688700535915e-01 2.303564959169530219e-02 5.051103696440426526e-03 1.331210336803851334e-02 3.089696848959064962e-02 2.673435209610106403e-02 2.300031466559256457e-02
2.465610986935856414e-03 1.315488518507953314e-02 8.525055821022575753e-02 1.406678501364951039e-01 1.930705251004392053e-01 2.557422807497589101e-01 1.679597172039738462e-01 2.452479457565399923e-02 5.651969064657102332e-03 1.505156067015213199e-02 3.597068252411333988e-02 3.206135728489378778e-02 2.842820830762156012e-02
2.133607851624861815e-03 1.173053608318384497e-02 7.823525935417600941e-02 1.324671327052743541e-01 1.873418401059452898e-01 2.547473567424391461e-01 1.722002260831000109e-01 2.580859319519911155e-02 6.004282152241399717e-03 1.671070293266609108e-02 4.104730764590070607e-02 3.752824819814747775e-02 3.404490695010139317e-02
1.654109950166797200e-03 9.539268609890665801e-03 6.664998314154482739e-02 1.185872066105449485e-01 1.757865455278316003e-01 2.506851461866623776e-01 1.774273443466421740e-01 2.786742403467854651e-02 6.783518053800469821e-03 1.976955237387924627e-02 5.072449557106507162e-02 4.845316912506143769e-02 4.607223646823176144e-02
1.297715195260174849e-03 7.874253540490811290e-03 5.769993417146540571e-02 1.068477768985436338e-01 1.644297170816448050e-01 2.445933812452182610e-01 1.797946194565250011e-01 2.938168965197945209e-02 7.505336451391398690e-03 2.253348297668495565e-02 5.976282719908462826e-02 5.955812042485985475e-02 5.872114570685154494e-02
1.053951730849598742e-03 6.624859431478501669e-03 5.036394875048214731e-02 9.647118763992763857e-02 1.539724951282220589e-01 2.368546197261062747e-01 1.803003481470665248e-01 3.044726418199757145e-02 7.940598467330762730e-03 2.498133246037013977e-02 6.857120455243806423e-02 7.057767790275966402e-02 7.184051188097106966e-02
8.900313732374490888e-04 5.699644340241925150e-03 4.475395702093226680e-02 8.714591430792636984e-02 1.434039580258237578e-01 2.281279183929089127e-01 1.791718359408997208e-01 3.127003168699433316e-02 8.418221172766275281e-03 2.719749000479314283e-02 7.714142159353419570e-02 8.140596437465714985e-02 8.537361176528458773e-02
6.984499447570733212e-04 4.936708066045170790e-03 3.975526254741761079e-02 7.911700004240863893e-02 1.333141711306777555e-01 2.189395852121295560e-01 1.769559360461432918e-01 3.180060959855351282e-02 8.818073742399986162e-03 2.918369064699200682e-02 8.506675143904982028e-02 9.214931854953470336e-02 9.926444303389074519e-02
6.102363392565948253e-04 4.163878704872369871e-03 3.432722630948212977e-02 7.187799122252271078e-02 1.250763608375250469e-01 2.096954950187316646e-01 1.737855070118559109e-01 3.194522297476200950e-02 9.116780151302940338e-03 3.088621386386381992e-02 9.240765256159376440e-02 1.027992175351926801e-01 1.133082174690384775e-01
5.095726404663122747e-04 3.584945575873675974e-03 3.033920943339339302e-02 6.521781829138896536e-02 1.163651522780845687e-01 1.998144620332402976e-01 1.699154568117370034e-01 3.200491710345680640e-02 9.350572471370553404e-03 3.247049749385266804e-02 9.935029160349438671e-02 1.132187802208579064e-01 1.278583240427834666e-01
4.280928857224568381e-04 3.109656387619965344e-03 2.683009845318128431e-02 5.906722962397694537e-02 1.079865887355473675e-01 1.899840004849181752e-01 1.652264731764360728e-01 3.187191567457190594e-02 9.526049844847865253e-03 3.383999711641557523e-02 1.060463248115282309e-01 1.235352133336616864e-01 1.425483594715725166e-01
3.557210610271707620e-04 2.676110507230967505e-03 2.371095874506155485e-02 5.340015044812489176e-02 9.991184436316968842e-02 1.799946667863432936e-01 1.602259260300405719e-01 3.160573486169761248e-02 9.672626971505398838e-03 3.507402952637604654e-02 1.123111246996993384e-01 1.334755694314794516e-01 1.575855365682438947e-01
3.143032838172192273e-04 2.325148015080929966e-03 2.087908885226164371e-02 4.830671059895774722e-02 9.228104189063050800e-02 1.698912019689328146e-01 1.545745134364113760e-01 3.114609142856712004e-02 9.726838627666994572e-03 3.610898158574772643e-02 1.180998590439066437e-01 1.434766328258098855e-01 1.728695884422095652e-01
2.669462751952143831e-04 2.003543128982180396e-03 1.876693401673553210e-02 4.327327259634355244e-02 8.485289199623471945e-02 1.595255201508927190e-01 1.486261828963459375e-01 3.057416100532939565e-02 1.002888921344540982e-02 3.709480783657049391e-02 1.233485176804727246e-01 1.532894425332464172e-01 1.883488906702057708e-01
2.244505784766265256e-04 1.697639661491431645e-03 1.618598809979142697e-02 3.895662902759071400e-02 7.801588528837631598e-02 1.497694468361064624e-01 1.423188063303049700e-01 2.987960479380645518e-02 9.819124124349045205e-03 3.772939689108215089e-02 1.285358299066274024e-01 1.628355059917247494e-01 2.040316924702722523e-01
1.776875396086579901e-04 1.472487991471564976e-03 1.414606875555179423e-02 3.488881268965487309e-02 7.126678850757675598e-02 1.399937103363616542e-01 1.355616725915834153e-01 2.909869613263427884e-02 9.671583683563335365e-03 3.829472275112111995e-02 1.331798019531973132e-01 1.719291014675757012e-01 2.203188656000995560e-01
1.508773762397686686e-04 1.225308394615809253e-03 1.236220203895158770e-02 3.102917961064708893e-02 6.484458032619493106e-02 1.299561938808543871e-01 1.289301855171136324e-01 2.814197503271490333e-02 9.609827818027464816e-03 3.878038379111010264e-02 1.373305316192514614e-01 1.811176206098389918e-01 2.365211339844398020e-01
1.197539237406998073e-04 1.009838059486623408e-03 1.030802409733784161e-02 2.757978359089248432e-02 5.822832500592751287e-02 1.203996385686739307e-01 1.226443832848371079e-01 2.733767289023516026e-02 9.539969206999619408e-03 3.916567861389998184e-02 1.411168001106434811e-01 1.896635273557346346e-01 2.528866052915909601e-01
9.841303960744166978e-05 8.553652083285449197e-04 9.182166572338109484e-03 2.418770261127438717e-02 5.282881988974598431e-02 1.106243722672930890e-01 1.144946296471604508e-01 2.624285216491591480e-02 9.288585489156502006e-03 3.904906624392186915e-02 1.446316260489312888e-01 1.985943747045227359e-01 2.699220261128036924e-01
8.565686013532586003e-05 7.453879959391172252e-04 7.881979319188943400e-03 2.115618976823768066e-02 4.735891823688426205e-02 1.009250620590642494e-01 1.068522462968595904e-01 2.520827498276418180e-02 9.084659081093949401e-03 3.895809316325756638e-02 1.475340264075365726e-01 2.070749035404837457e-01 2.871346022885548077e-01
8.103813038850010578e-05 6.313500167247055282e-04 6.875029155351407469e-03 1.925672507932767868e-02 4.157086727660672110e-02 9.132639203113994408e-02 9.853299863711598161e-02 2.346587691374266496e-02 8.962006811038777596e-03 3.895018407111158765e-02 1.502742210102168685e-01 2.153758674161239950e-01 3.046974434511111052e-01
5.106509811860704331e-05 4.915431977846310054e-04 5.914488184758570286e-03 1.675525566934623484e-02 3.614080647291691845e-02 8.297910905068155152e-02 9.012896801431481697e-02 2.233682519813306316e-02 8.657854446062925730e-03 3.851490851567668933e-02 1.519306887900084835e-01 2.230939257504858109e-01 3.230045616117116491e-01
4.201310846115278465e-05 4.052028705910076106e-04 4.764506813345377977e-03 1.407581352239040649e-02 3.174964968651674407e-02 7.337114976167645464e-02 8.354307803454767700e-02 2.107156182276726658e-02 8.203726746163353054e-03 3.790030057440917088e-02 1.528302236221399102e-01 2.302283664953132802e-01 3.418144069416782505e-01
3.192752438622712324e-05 2.881573891793305663e-04 3.898191429361910244e-03 1.166182587004071375e-02 2.758789736687407637e-02 6.457611843832183895e-02 7.591598231267628061e-02 1.967242498425639599e-02 7.846648402484019541e-03 3.715463387239138077e-02 1.533409174377229345e-01 2.364850865417603976e-01 3.615401884305445290e-01
2.193358070267682679e-05 2.456149197926165394e-04 3.007444398823946267e-03 9.215061314978741092e-03 2.342594859658313211e-02 5.676024385535165945e-02 6.816948952240189930e-02 1.806260831323826255e-02 7.397804795889228666e-03 3.580787159731937258e-02 1.539174974573780386e-01 2.433700274398660490e-01 3.805984542076744082e-01
1.820792074500947232e-05 2.001175187959244688e-04 2.568810973924305716e-03 8.332676068398416069e-03 1.923559762258756495e-02 4.802245494577176560e-02 5.974362733444941315e-02 1.634671314534272973e-02 6.946011023159213461e-03 3.447068312046161487e-02 1.530260638949821339e-01 2.496712356110283026e-01 4.014178008203537207e-01
1.259604384137202987e-05 1.366315720958028736e-04 1.792685100659507230e-03 5.955973180447248112e-03 1.578895100581773764e-02 4.114994032714061611e-02 5.208022934921002767e-02 1.471449728194548605e-02 6.465308733880649299e-03 3.329145833530506443e-02 1.512316413000064641e-01 2.546897048690787146e-01 4.226903829005714264e-01
9.799182123970170125e-06 9.809738426260991052e-05 1.306198969993207452e-03 4.413987568778732738e-03 1.243896112329764651e-02 3.346482877964097186e-02 4.481003753962154584e-02 1.310368691974785928e-02 5.914881222862333927e-03 3.164525409148664925e-02 1.485894755028565606e-01 2.590910810699185163e-01 4.451137106454094439e-01
6.619229847656669533e-06 6.687514569968580885e-05 9.200051867877844566e-04 3.081840006827779414e-03 9.358780082429914160e-03 2.609744364342713244e-02 3.770335272328311643e-02 1.152320426872874108e-02 5.265527043485433017e-03 2.960477033042877362e-02 1.452267787476345662e-01 2.625968014644341486e-01 4.685480021269852746e-01
1.842449682874662893e-06 4.280996168130422067e-05 6.000691087947289263e-04 2.110210913612752242e-03 6.835952968971970543e-03 2.007519390364289127e-02 2.979775161773988434e-02 9.523572999082206836e-03 4.675225255334256209e-03 2.728989790930242548e-02 1.398334878853294272e-01 2.645200727126226781e-01 4.946939123142026773e-01
1.795044144725362391e-06 2.278886699679404570e-05 3.566459464940837363e-04 1.465298019539082669e-03 4.665701678595631473e-03 1.493143796361561665e-02 2.226560602119589255e-02 7.549477634497487287e-03 3.958501444881376216e-03 2.419699755980621661e-02 1.318657320639402553e-01 2.644991322856234950e-01 5.242208854706693621e-01
9.999999999999999547e-07 1.266756996466329324e-05 1.695229201812712078e-04 8.666582404744995480e-04 3.069497146646582054e-03 9.587124762001884154e-03 1.584206862033642194e-02 5.842781819045721019e-03 3.314635614686916188e-03 2.098700330836153136e-02 1.220655655203114337e-01 2.619005045886828031e-01 5.563409698893063693e-01
1.000000000022432352e-06 5.327668452722590417e-06 8.409002975877399345e-05 4.402440444531851736e-04 1.507848636829563042e-03 5.470760980402547199e-03 1.015365738605104352e-02 4.012218987627202797e-03 2.410094456225049270e-03 1.742569933815799749e-02 1.103458227923274776e-01 2.566788996788132993e-01 5.914643360009012030e-01
1.000000000055405650e-06 1.116008063457157354e-06 2.457986381663035679e-05 1.474969605166407240e-04 6.808096911642499581e-04 2.875857082875264269e-03 6.082010604242564511e-03 2.295234615969426670e-03 1.538135205178273613e-03 1.286585325695116522e-02 9.307577749433017245e-02 2.447647032200048201e-01 6.356474259968873941e-01
1.000000000133162640e-06 1.000000000073159884e-06 7.302699419097339427e-06 4.924434082523728676e-05 2.132791745635474029e-04 9.985461023891471864e-04 2.248310397990759164e-03 1.208322889198638070e-03 9.711648823967802650e-04 8.858751355944554859e-03 7.400655373808728843e-02 2.280999327231805207e-01 6.833365916960042474e-01
1.000000000211056213e-06 1.000000000131704049e-06 9.999999999999999547e-07 7.009732935811861309e-06 3.379478596287428040e-05 2.025216213813387119e-04 6.051227485723372932e-04 4.124929058044273758e-04 4.573565765776884426e-04 4.796346393623164388e-03 5.243085399989519391e-02 2.019278296575443554e-01 7.391236715777025346e-01
9.999999999999999547e-07 9.999999999999999547e-07 9.999999999999999547e-07 1.000000000004283612e-06 2.669651218492466971e-06 2.334201557681117386e-05 1.003046652843654331e-04 9.487882075045469621e-05 1.240413502280946541e-04 2.164513247567516254e-03 3.073584024290722944e-02 1.675571591870543553e-01 7.991932508194127260e-01
9.999999999999999547e-07 9.999999999999999547e-07 9.999999999999999547e-07 1.000000000000770755e-06 1.000000000001622446e-06 1.149261427556915372e-06 8.505204526744928220e-06 1.268590635927180762e-05 3.071534674556520997e-05 7.718236899849437865e-04 1.628954785452128157e-02 1.209597285277924789e-01 8.619208442086422339e-01
